AUC:0.9423027836798588
AUPR:0.5474090112175389
Acc:0.9929784966459783
F1:0.562097516099356
Pre:0.6729074889867841
Rec:0.4826224328593997
Spec:0.9977888212630521
