AUC:0.8794511938045794
AUPR:0.3693405707627976
Acc:0.9929535128955642
F1:0.42315449778136344
Pre:0.4653948535936114
Rec:0.3879437869822485
Spec:0.9970112011746848
