AUC:0.938811267640278
AUPR:0.5434097599529698
Acc:0.9482369955465773
F1:0.5331953213953007
Pre:0.5033418018370138
Rec:0.5668133802816901
Spec:0.9692249939452652
