AUC:0.9094361098430741
AUPR:0.4439826730997136
Acc:0.9895479206288488
F1:0.4719651605879151
Pre:0.49798966111430215
Rec:0.4485256078634247
Spec:0.9952416211154425
