AUC:0.8598584386049846
AUPR:0.5094187774660692
Acc:0.876925563526501
F1:0.5049014704411323
Pre:0.4679677359540145
Rec:0.5481646394439618
Spec:0.9194291169987223
